colorSpec{1}= [25 25 112];
colorSpec{2}= [16 78 139];

colorSpec{3} = [0 205 102];
colorSpec{4} = [84 139 84];

colorSpec{5} = [139 28 98];
colorSpec{6} = [205 41 144];

colorSpec{7}= [255 165 0];
colorSpec{8}= [255 140 0];

colorSpec{9} = [123 104 238];
colorSpec{10} = [147 112 219];

colorSpec{11} = [30 144 255];
colorSpec{12} = [0 191 255];

colorSpec{13}= [139 69 19];
colorSpec{14}= [160 82 45];
